0.0221187	0.977881
0.0731099	0.92689
0.0163515	0.983648
0.0351513	0.964849
0.0125267	0.987473
0.022098	0.977902
0.00703174	0.992968
0.0210369	0.978963
0.01352	0.98648
0.655476	0.344524
0.682563	0.317437
0.683736	0.316264
0.645488	0.354512
0.689594	0.310406
0.65595	0.34405
0.685995	0.314005
0.682176	0.317824
0.663528	0.336472
0.689658	0.310342
0.712905	0.287095
0.674088	0.325912
0.670909	0.329091
0.0124365	0.987563
0.0109103	0.98909
0.00019857	0.999801
0.00808806	0.991912
0.00104261	0.998957
0.00595384	0.994046
0.00584426	0.994156
0.00655445	0.993446
0.00814367	0.991856
0.0258363	0.974164
0.0109828	0.989017
0.00258274	0.997417
0.0273563	0.972644
0.0027613	0.997239
0.00207386	0.997926
0.0277827	0.972217
0.0476237	0.952376
0.00884387	0.991156
0.387447	0.612553
0.367553	0.632447
0.369458	0.630542
0.360065	0.639935
0.340668	0.659332
0.307304	0.692696
0.38303	0.61697
0.346567	0.653433
0.353379	0.646621
0.374028	0.625972
0.343931	0.656069
0.323651	0.676349
0.347526	0.652474
0.347584	0.652416
0.342615	0.657385
0.357776	0.642224
0.349216	0.650784
0.364991	0.635009
0.335368	0.664632
0.341684	0.658316
0.312359	0.687641
0.337345	0.662655
0.344397	0.655603
0.319975	0.680025
0.34899	0.65101
0.351524	0.648476
0.311148	0.688852
0.312919	0.687081
0.355176	0.644824
0.333244	0.666756
0.357025	0.642975
0.32131	0.67869
0.354448	0.645552
0.335725	0.664275
0.297089	0.702911
0.270582	0.729418
0.309513	0.690487
0.339673	0.660327
0.31285	0.68715
0.291319	0.708681
0.485643	0.514357
0.535639	0.464361
0.597415	0.402585
0.90125	0.0987496
0.49905	0.50095
0.481322	0.518678
0.617967	0.382033
0.875444	0.124556
0.465932	0.534068
0.664674	0.335326
0.629801	0.370199
0.92434	0.0756601
0.491124	0.508876
0.616507	0.383493
0.648448	0.351552
0.88418	0.11582
0.444271	0.555729
0.652535	0.347465
0.878576	0.121424
0.895981	0.104019
0.521909	0.478091
0.646491	0.353509
0.832986	0.167014
0.866649	0.133351
0.463434	0.536566
0.670881	0.329119
0.91317	0.0868297
0.517963	0.482037
0.587021	0.412979
0.860037	0.139963
0.832478	0.167522
0.804694	0.195306
0.67341	0.32659
0.86051	0.13949
0.799497	0.200503
0.715872	0.284128
0.882249	0.117751
0.849952	0.150048
0.792714	0.207286
0.731911	0.268089
0.887693	0.112307
0.915561	0.0844388
0.812821	0.187179
0.747199	0.252801
0.866156	0.133844
0.824113	0.175887
0.763181	0.236819
0.867381	0.132619
0.753479	0.246521
0.77881	0.22119
0.861198	0.138802
0.813566	0.186434
0.744309	0.255691
0.737499	0.262501
0.84551	0.15449
0.782959	0.217041
0.809929	0.190071
0.72973	0.27027
0.884125	0.115875
0.648617	0.351383
0.681474	0.318526
0.676312	0.323688
0.739389	0.260611
0.359757	0.640243
0.630193	0.369807
0.663702	0.336298
0.725385	0.274615
0.701731	0.298269
0.27193	0.72807
0.618786	0.381214
0.67992	0.32008
0.688862	0.311138
0.681058	0.318942
0.347494	0.652506
0.652229	0.347771
0.660437	0.339563
0.683236	0.316764
0.702159	0.297841
0.28346	0.71654
0.604826	0.395174
0.658438	0.341562
0.690776	0.309224
0.721062	0.278938
0.420055	0.579945
0.650615	0.349385
0.634031	0.365969
0.644311	0.355689
0.699571	0.300429
0.673828	0.326172
0.599688	0.400312
0.701878	0.298122
0.730112	0.269888
0.626758	0.373242
0.667826	0.332174
0.727421	0.272579
0.730494	0.269506
0.399477	0.600523
0.647239	0.352761
0.668853	0.331147
0.680688	0.319312
0.662584	0.337416
0.601585	0.398415
0.630393	0.369607
0.59722	0.40278
0.607461	0.392539
0.600737	0.399263
0.618427	0.381573
0.612322	0.387678
0.366501	0.633499
0.409022	0.590978
0.364605	0.635395
0.321695	0.678305
0.39899	0.60101
0.376225	0.623775
0.365432	0.634568
0.394658	0.605342
0.3819	0.6181
0.393865	0.606135
0.366587	0.633413
0.363811	0.636189
0.364375	0.635625
0.343144	0.656856
0.383125	0.616875
0.373929	0.626071
0.390352	0.609648
0.418529	0.581471
0.393634	0.606366
0.348171	0.651829
0.384758	0.615242
0.353207	0.646793
0.39977	0.60023
0.374699	0.625301
0.391336	0.608664
0.358762	0.641238
0.395646	0.604354
0.361533	0.638467
0.360459	0.639541
0.350847	0.649153
0.324527	0.675473
0.375198	0.624802
0.320781	0.679219
0.608678	0.391322
0.605384	0.394616
0.37256	0.62744
0.383621	0.616379
0.353836	0.646164
0.383271	0.616729
0.400591	0.599409
0.353465	0.646535
0.352719	0.647281
0.348514	0.651486
0.347672	0.652328
0.360754	0.639246
0.357377	0.642623
0.38132	0.61868
0.394686	0.605314
0.432462	0.567538
0.385943	0.614057
0.391897	0.608103
0.384794	0.615206
0.36626	0.63374
0.409439	0.590561
0.328809	0.671191
0.395037	0.604963
0.378533	0.621467
0.336933	0.663067
0.349594	0.650406
0.361027	0.638973
0.654435	0.345565
0.714753	0.285247
0.743418	0.256582
0.381913	0.618087
0.347396	0.652604
0.674627	0.325373
0.661418	0.338582
0.701984	0.298016
0.692182	0.307818
0.720185	0.279815
0.404639	0.595361
0.355902	0.644098
0.431217	0.568783
0.396054	0.603946
0.729369	0.270631
0.390341	0.609659
0.713609	0.286391
0.371646	0.628354
0.404949	0.595051
0.389736	0.610264
0.372284	0.627716
0.345537	0.654463
0.720991	0.279009
0.425395	0.574605
0.388577	0.611423
0.322587	0.677413
0.36481	0.63519
0.73881	0.26119
0.347417	0.652583
0.315161	0.684839
0.298074	0.701926
0.400519	0.599481
0.406868	0.593132
0.392435	0.607565
0.403995	0.596005
0.371396	0.628604
0.322857	0.677143
0.401716	0.598284
0.384997	0.615003
0.346965	0.653035
0.387183	0.612817
0.356961	0.643039
0.319269	0.680731
0.344764	0.655236
0.399857	0.600143
0.32572	0.67428
0.400108	0.599892
0.315877	0.684123
0.647146	0.352854
0.516317	0.483683
0.000759559	0.99924
0.999979	2.14472e-05
0.000161728	0.999838
1.73727e-05	0.999983
0.000105864	0.999894
0.00263502	0.997365
0.000706384	0.999294
2.65052e-05	0.999973
2.88603e-05	0.999971
2.06298e-05	0.999979
0.999982	1.83219e-05
0.999986	1.43124e-05
0.999983	1.70791e-05
0.999987	1.34752e-05
0.999986	1.42412e-05
0.999983	1.66537e-05
0.999987	1.26773e-05
3.23449e-05	0.999968
1.80442e-05	0.999982
1.65109e-05	0.999983
1.95293e-05	0.99998
0.782383	0.217617
4.25079e-05	0.999957
0.999954	4.64918e-05
1.66915e-05	0.999983
4.22157e-05	0.999958
8.91647e-05	0.999911
0.695249	0.304751
0.999988	1.22644e-05
0.708306	0.291694
1.58567e-05	0.999984
0.991201	0.00879918
0.972798	0.0272022
0.995772	0.00422793
0.54323	0.45677
0.650497	0.349503
0.71421	0.28579
0.562556	0.437444
0.831195	0.168805
0.76805	0.23195
0.724921	0.275079
0.665315	0.334685
0.99998	1.96577e-05
0.860264	0.139736
0.000938798	0.999061
5.01732e-05	0.99995
0.000180747	0.999819
0.999982	1.76845e-05
0.999964	3.63474e-05
0.999971	2.91885e-05
0.000162678	0.999837
2.64701e-05	0.999974
4.06962e-05	0.999959
2.75551e-05	0.999972
3.25075e-05	0.999967
1.66625e-05	0.999983
1.6925e-05	0.999983
1.75085e-05	0.999982
0.999975	2.49221e-05
0.999972	2.76683e-05
0.999936	6.37418e-05
0.999878	0.000122008
0.999982	1.769e-05
0.999967	3.25452e-05
0.999263	0.000736965
0.0199577	0.980042
0.00509497	0.994905
2.74323e-05	0.999973
0.000107174	0.999893
0.764852	0.235148
0.815545	0.184455
0.731439	0.268561
0.00229231	0.997708
9.06939e-05	0.999909
2.14816e-05	0.999979
0.999993	7.27183e-06
8.03191e-06	0.999992
0.999983	1.67604e-05
